a: 1.4485395    b: 8.176632000000001

T: 196 Tsum: 702835 Tpri: 153 TsumPri: 60524

[418, 1197717]

